00000000
00000000
00000000
00000000
00000000
00000000
00000000
00000000
00000000
00000000
00000000
00000000
00000000
00000000
00000000
00000000
00000000
00000000
00000000
00000000
00000001
00000000
00000000
00000000
00000000
00000000
00000000
00000000
00000000
00000000
00000000
00001011
00011001
00110101
00100001
00000000
00000000
00000000
00000000
00000000
00000000
00000000
00000000
00111110
01111111
01111111
01111111
01111111
00000000
00010001
00101000
00001000
00000000
00000000
00000000
00000000
01111111
01111111
01111111
01111111
00000000
00000000
01111111
01111111
01111111
00000000
00000000
00000000
00000000
00000000
01111111
00001111
00000000
00001001
01111111
01111111
01111111
01111111
00000000
00100100
00000001
00000000
00000000
00000000
00000000
01000001
01111111
01111111
01111111
01111111
00000000
01111111
01111111
00011001
00000000
00000000
00000000
00000000
01111111
01111111
01111111
01111111
00000000
01111111
01111111
01111111
00000000
00000000
00001011
00000011
00000000
00000000
01111111
00001111
00000000
01111111
01111111
01111111
01111111
00000000
01111111
01111111
00111110
00000000
00000000
00000000
00000000
01111111
01111111
01111111
01111111
00000000
00000000
01111111
01111111
01111111
00000000
00000000
00000000
00000000
01111111
01111111
01111111
00000000
00000000
01111111
01111111
01111111
01111111
00000000
00000000
00000000
00000000
00000000
01111111
00000000
00000000
01111111
01111111
01111111
01111111
00000000
00111100
01100000
00000100
00000000
00000000
00000000
00000000
01111111
01111111
01111111
01111111
00000000
01111111
01111111
01111111
00000000
00000000
00000000
00000000
00000000
01111111
01111111
01111111
00000000
01111111
01111111
01111111
01111111
00000000
00000000
00000000
00000000
00000000
00000000
00000000
00000000
00000000
00000000
00000000
00000000
00000000
00000000
00000000
00000000
00000000
00000000
00000000
00000000
00000000
00000000
00000000
00000000
00000101
00000000
00001011
00000011
00000000
00000000
00000000
00000000
00000000
00000000
00000000
00000000
00000000
00000000
00000100
00000000
00000001
00000101
00000001
00000111
00000000
00000000
00000000
00000000
00000000
00000000
00000000
00000000
00000000
00000000
01111111
01011111
00000000
00001000
00000110
00000000
00000000
00000000
00000000
00000000
00000000
00000000
01111111
01111111
01111111
00000000
00000000
01111111
00011011
00000000
00000000
00000000
00000000
01111111
01111111
01111111
01111111
00000000
00000000
01111111
01111111
01111111
00000000
00000001
00000000
00000000
01010111
01111111
00101110
00000000
00000000
01001000
01111111
01111111
01111111
01101101
01011110
00000011
00000000
00000000
00000000
00000000
00000000
00100010
01111111
01111111
01111111
00000000
01111111
01111111
00110101
00000111
00000000
00000000
00000000
01111111
01111111
01111111
01111111
00000000
00000000
01111111
01111111
00000000
00000000
00110101
00001001
00000000
01010111
01111111
00101110
00000000
00000000
01111111
01111111
01111111
00000000
01111111
01111111
01111111
00000000
00000000
00000000
00000000
00000000
01111111
01111111
01111111
00000000
00000000
01111111
01111111
01111111
00000000
00000000
00000000
00000000
01111111
01111111
01111111
00000000
00000000
01000000
01111111
01111111
01111111
00000001
00000011
00000000
00000000
01010111
01111111
00000000
00000000
01000000
01111111
01111111
01111111
00000000
01111111
01111111
00001100
00000000
00000000
00000000
00000000
01000000
01111111
01111111
01111111
00000000
00000000
01111111
01111111
00000000
00000000
00000000
00000000
00000000
00000000
00000000
00000000
00000000
00000000
00000000
00000000
00000000
00000000
00000000
00000000
00000000
00000000
00000000
00000000
00000110
00000110
00000000
01111111
00000000
00000101
00000000
00000000
00000000
00000000
00000000
00000000
00101101
00011111
00110010
00000000
00000000
00000000
01111111
01111111
00000010
00000001
00000110
00000000
00000000
00000000
00000000
00000000
00000000
00000000
00000000
01111111
01111111
00000000
00000000
01111111
00100001
00000000
00000000
00000000
00000000
00000000
00000000
01111111
01111111
01111111
00000000
00000000
01111111
01111111
00010111
00000000
00000000
00000000
00000000
01111111
01011101
01111111
00000000
00000000
00001110
01111111
01111111
00000000
01101111
00000001
00000000
00000000
00000000
00000000
00000000
00000000
00010000
01111111
01111111
00000000
00000000
01111111
01001110
00000000
00000001
00000000
00000000
00000000
00011010
01111111
01111111
00000000
00000000
00000000
01111111
01111111
00000000
00011010
00000111
00000000
00000000
01111111
01111111
00000000
00000000
00000000
01000101
01111111
01111111
00000000
01111111
01111111
00001000
00000000
00000000
00000000
00000000
00000000
01111111
01111111
01111111
00000000
00000000
01111111
01111111
00001010
00000000
00000000
00000000
00000000
01111111
01111111
01111111
00000000
00000000
00000000
01111111
01111111
00000100
00000010
00000000
00000000
00000000
01111111
01111111
00000000
00000000
00001110
01111111
01111111
00000000
00000000
01111111
00001011
00000000
00000000
00000000
01001101
00000000
00001110
01111111
01111111
00000000
00000000
00000000
01111111
01111111
00000000
00000000
00000000
01101101
00000000
01111111
01111111
01111111
00000000
00000000
01100101
01111111
01111111
00000000
00000000
00000000
00000000
00000000
00000000
00000000
00000000
00000000
00000000
00000001
00000000
00000000
00000000
00000000
00000000
00000000
00000000
00000000
00000000
00000000
00001000
00001101
00000000
00001000
00000000
00000000
00000000
00000000
00000000
00000000
00000000
00000011
00111000
00010101
01000001
00000000
00000000
00000000
01001001
00010010
00001011
00000000
00000000
00000000
00000000
01101101
00000000
00000000
00000000
01111111
01111111
01111111
01111111
00000000
01000101
00011001
00000000
00000000
00000000
00000000
01111111
01111111
01111111
01111111
01111111
00000000
01101011
01111111
01111111
00000000
00000000
00000000
00000000
01111111
01111111
01111111
01111111
00000000
01111111
01111111
01111111
01111111
00000000
00011010
00000010
00000000
00000000
01111111
00000000
00000000
01111111
01111111
01111111
01111111
00000000
01111111
01111111
00100110
00000000
00000000
00000000
00000000
01111111
01111111
01111111
01111111
00000000
00000000
01111111
01111111
01111111
00100001
00001111
00000011
00000000
01111111
01111111
01111111
00000000
00000000
01111111
01111111
01111111
00000000
00000000
01111111
01111111
00000111
00000000
01111111
00000000
00000000
01111111
01111111
01111111
01111111
00000000
01111111
01111111
01111111
00000000
00000000
00000000
00000000
01111111
01111111
01111111
01111111
00000000
01111111
01111111
01111111
01111111
00000000
00000000
00000000
00000000
01111111
01111111
01111111
00000000
01111111
01111111
01111111
01111111
01011001
00000000
01111111
00001010
00000000
00000000
01111111
00000000
01111111
01111111
01111111
01111111
00000000
00000000
01111111
01111111
01111111
00000000
00000000
00000000
00011111
01111111
01111111
01111111
00000000
01111111
01111111
01111111
01111111
01111111
00000000
00000000
00000000
00000000
00000000
00000000
00000000
00000000
00000000
00000000
00000000
00000000
00000000
00000000
00000000
00000000
00000000
00000000
00000000
00000000
00000001
00000000
00000000
00000000
00000000
00000000
00000000
00000000
00000000
00000000
00000000
00000000
00001110
00000101
00000000
00000000
00000000
00000000
00000000
00000000
00000000
00000000
00000000
00000000
00000000
00000000
00000000
00000000
00000000
01111111
01111111
01111111
01101100
00000000
00000000
00000000
00010000
00000000
00000000
00000000
00000000
01111111
01111111
01111111
01111111
01111111
00000000
00000000
01111111
01111111
00001000
00000000
00000000
00000000
01111111
01111111
01111111
01111111
00000000
01111111
01111111
01111111
01111111
00000000
00000000
00000001
00000000
00000000
01111111
00000000
00000000
01111111
01111111
01111111
01111111
00101110
00000000
01111111
00001011
00000000
00000000
00000000
00000000
01111111
01111111
01111111
01111111
01001101
00000000
01111111
01111111
00111000
00000000
00000000
00000000
00000000
01111111
01111111
01111111
01001101
00000000
01111111
01111111
01111111
00000000
00000000
01111111
01111111
00000110
00000000
01111111
00000000
00000000
01111111
01111111
01111111
01111111
00000000
01111111
01111111
01111111
01110010
00000000
00000000
01111111
01111111
01111111
01111111
01111111
00000000
01111111
01111111
01111111
01111111
01111111
00000000
00000000
00000000
01111111
01111111
01111111
00000000
01111111
01111111
01111111
01111111
01001010
00000000
00010110
00001000
00000000
00000000
01111111
00000000
01111111
01111111
01111111
01111111
01001101
00000000
01111111
01111111
01111111
00000110
00000000
00000000
01111111
01111111
01111111
01111111
01111111
01111111
01111111
01111111
01111111
01111111
00000000
00000000
00000000
00000000
00000000
00000000
00000000
00000000
00000000
00000000
00000000
00000010
00000000
00000000
00000000
00000000
00000000
00000000
00000000
00000000
00000000
00000000
00000000
00000000
00100101
00010010
00000000
00000000
00000000
00000000
00000000
00000000
00000000
00000000
00000000
00000000
00000000
00000000
00000000
00000000
00000000
00101110
00001101
00000000
00000000
00000000
00000000
00000000
00000000
00000000
00000000
00000000
00000000
00000000
00000000
00000010
00000000
00000000
00000000
00000000
00000000
00000000
00000000
00000000
00000000
00000000
00000000
00000000
00000000
00000000
00101110
00000010
00000000
00000000
00000000
00000000
00000000
00000000
00000000
00000000
00000000
00000000
00000000
01111111
00001000
00000000
00000000
00000000
00000000
00000000
00000000
00000000
00000000
00000000
00000000
00000000
00000000
00000000
00000000
00010000
00000101
00000000
00000000
00000000
00000000
00000000
00000000
00000000
00000000
00000000
00000000
00000000
00010000
01010000
00000000
00000000
00000000
00000000
00000000
00000000
00000000
00000000
00000000
00000000
00000000
00000000
00000000
00000000
00000000
00000000
00000000
00000000
00000000
00000000
00000000
00000000
00000000
00000000
00000000
00000000
00000000
00000000
00000000
00000000
00000000
00000000
00000000
00000000
00000000
00000000
00000000
00000000
00000000
00000000
01111100
00000111
00000000
00000000
00000000
00000000
00000000
00000000
00000000
00000000
00000000
00000000
00000000
00000000
00000000
00000000
00000000
00000000
00000000
00000000
00000000
00000000
00000000
00000000
00000000
00000000
00000000
00000000
00000000
00000000
00000000
00000000
00000000
00000000
00000000
00000000
00000000
00000000
00000000
00000000
00000000
00000000
00000000
00000000
00000000
00000000